[gd_scene load_steps=13 format=3 uid="uid://dresikfwelsq3"]

[ext_resource type="PackedScene" uid="uid://0556jvisllh6" path="res://scenes/player.tscn" id="1_gw8dp"]
[ext_resource type="PackedScene" uid="uid://dt66tgdil6dw4" path="res://scenes/game_manager.tscn" id="2_jv311"]
[ext_resource type="PackedScene" uid="uid://ceqta3ysrgae0" path="res://scenes/GasCan.tscn" id="3_hh7n6"]
[ext_resource type="PackedScene" uid="uid://cl085gvjgnxe1" path="res://scenes/gun_pickup.tscn" id="4_1xsgv"]
[ext_resource type="PackedScene" uid="uid://cjmh6fsucvhxx" path="res://scenes/ammo.tscn" id="4_yjgfs"]

[sub_resource type="ProceduralSkyMaterial" id="ProceduralSkyMaterial_jv311"]
sky_top_color = Color(0.289252, 0.331713, 1, 1)
sky_horizon_color = Color(0.468923, 0.692335, 0.967695, 1)
ground_horizon_color = Color(0.662243, 0.671743, 0.686743, 1)

[sub_resource type="Sky" id="Sky_hh7n6"]
sky_material = SubResource("ProceduralSkyMaterial_jv311")

[sub_resource type="Environment" id="Environment_1xsgv"]
background_mode = 2
sky = SubResource("Sky_hh7n6")
tonemap_mode = 2
glow_enabled = true

[sub_resource type="WorldBoundaryShape3D" id="WorldBoundaryShape3D_7mn56"]

[sub_resource type="PlaneMesh" id="PlaneMesh_gw8dp"]
size = Vector2(1500, 1500)

[sub_resource type="BoxMesh" id="BoxMesh_yjgfs"]
size = Vector3(4, 1, 1)

[sub_resource type="BoxShape3D" id="BoxShape3D_yjgfs"]
size = Vector3(4, 1, 1)

[node name="playerMovementTestPlayground" type="Node3D"]

[node name="WorldEnvironment" type="WorldEnvironment" parent="."]
environment = SubResource("Environment_1xsgv")

[node name="DirectionalLight3D" type="DirectionalLight3D" parent="."]
transform = Transform3D(-0.866025, -0.189728, 0.462605, 0, 0.92521, 0.379456, -0.5, 0.328619, -0.801255, 0, 0, 0)
light_energy = 3.1
shadow_enabled = true
directional_shadow_max_distance = 3830.0

[node name="ground" type="StaticBody3D" parent="."]

[node name="CollisionShape3D" type="CollisionShape3D" parent="ground"]
shape = SubResource("WorldBoundaryShape3D_7mn56")

[node name="MeshInstance3D" type="MeshInstance3D" parent="ground"]
mesh = SubResource("PlaneMesh_gw8dp")

[node name="CSGBox3D" type="CSGBox3D" parent="ground"]
transform = Transform3D(1, 0, 0, 0, 1, 0, 0, 0, 1, 7, 2, -5.75)
use_collision = true
size = Vector3(1, 4, 1)

[node name="CSGBox3D2" type="CSGBox3D" parent="ground"]
transform = Transform3D(1, 0, 0, 0, 1, 0, 0, 0, 1, -9, 2, -5.75)
use_collision = true
size = Vector3(1, 4, 1)

[node name="CSGBox3D3" type="CSGBox3D" parent="ground"]
transform = Transform3D(1, 0, 0, 0, 1, 0, 0, 0, 1, -9, 2, 11.5)
use_collision = true
size = Vector3(1, 4, 1)

[node name="CSGBox3D4" type="CSGBox3D" parent="ground"]
transform = Transform3D(1, 0, 0, 0, 1, 0, 0, 0, 1, 5, 2, 11.5)
use_collision = true
size = Vector3(1, 4, 1)

[node name="leTable" type="StaticBody3D" parent="ground"]
transform = Transform3D(1, 0, 0, 0, 1, 0, 0, 0, 1, 1.25, 0.25, -3.25)

[node name="MeshInstance3D" type="MeshInstance3D" parent="ground/leTable"]
mesh = SubResource("BoxMesh_yjgfs")

[node name="CollisionShape3D" type="CollisionShape3D" parent="ground/leTable"]
shape = SubResource("BoxShape3D_yjgfs")

[node name="Player" parent="." instance=ExtResource("1_gw8dp")]
transform = Transform3D(1, 0, 0, 0, 1, 0, 0, 0, 1, 0, 0.187867, 0)

[node name="GameManager" parent="." instance=ExtResource("2_jv311")]

[node name="GasCanister5L" parent="." instance=ExtResource("3_hh7n6")]
transform = Transform3D(1, 0, 0, 0, 1, 0, 0, 0, 1, -2.25, 0.25, -1.75)
gasAmount = 10.0

[node name="GasCanister5L2" parent="." instance=ExtResource("3_hh7n6")]
transform = Transform3D(1, 0, 0, 0, 1, 0, 0, 0, 1, -2.25, 0.25, -2.75)
gasAmount = 15.0

[node name="GasCanister5L3" parent="." instance=ExtResource("3_hh7n6")]
transform = Transform3D(1, 0, 0, 0, 1, 0, 0, 0, 1, -2.25, 0.25, -2.25)
gasAmount = 15.0

[node name="GasCanister5L4" parent="." instance=ExtResource("3_hh7n6")]
transform = Transform3D(1, 0, 0, 0, 1, 0, 0, 0, 1, -3, 0.25, -2.25)
gasAmount = 15.0

[node name="Ammo" parent="." instance=ExtResource("4_yjgfs")]
transform = Transform3D(-0.482963, -0.12941, 0.866025, -0.836516, -0.224144, -0.5, 0.258819, -0.965926, 9.79764e-09, 1.25, 1, -3.25)

[node name="Ammo2" parent="." instance=ExtResource("4_yjgfs")]
transform = Transform3D(-0.482963, -0.12941, 0.866025, -0.836516, -0.224144, -0.5, 0.258819, -0.965926, 9.79764e-09, 1.5, 1, -3.25)

[node name="Ammo3" parent="." instance=ExtResource("4_yjgfs")]
transform = Transform3D(-0.482963, -0.12941, 0.866025, -0.836516, -0.224144, -0.5, 0.258819, -0.965926, 9.79764e-09, 1.39901, 1, -3.20764)

[node name="Ammo4" parent="." instance=ExtResource("4_yjgfs")]
transform = Transform3D(-0.482963, -0.12941, 0.866025, -0.836516, -0.224144, -0.5, 0.258819, -0.965926, 9.79764e-09, 1.64901, 1, -3.20764)

[node name="Ammo5" parent="." instance=ExtResource("4_yjgfs")]
transform = Transform3D(-0.482963, -0.12941, 0.866025, -0.836516, -0.224144, -0.5, 0.258819, -0.965926, 9.79764e-09, 1.76822, 1, -3.20764)

[node name="Ammo6" parent="." instance=ExtResource("4_yjgfs")]
transform = Transform3D(-0.482963, -0.12941, 0.866025, -0.836516, -0.224144, -0.5, 0.258819, -0.965926, 9.79764e-09, 2.01822, 1, -3.20764)

[node name="Ammo7" parent="." instance=ExtResource("4_yjgfs")]
transform = Transform3D(-0.482963, -0.12941, 0.866025, -0.836516, -0.224144, -0.5, 0.258819, -0.965926, 9.79764e-09, 1.56272, 1, -3.08704)

[node name="Ammo8" parent="." instance=ExtResource("4_yjgfs")]
transform = Transform3D(-0.482963, -0.12941, 0.866025, -0.836516, -0.224144, -0.5, 0.258819, -0.965926, 9.79764e-09, 1.81272, 1, -3.08704)

[node name="Ammo9" parent="." instance=ExtResource("4_yjgfs")]
transform = Transform3D(-0.482963, -0.12941, 0.866025, -0.836516, -0.224144, -0.5, 0.258819, -0.965926, 9.79764e-09, 1.42749, 1, -3.08114)

[node name="Ammo10" parent="." instance=ExtResource("4_yjgfs")]
transform = Transform3D(-0.482963, -0.12941, 0.866025, -0.836516, -0.224144, -0.5, 0.258819, -0.965926, 9.79764e-09, 1.67749, 1, -3.08114)

[node name="GunPickup" parent="." instance=ExtResource("4_1xsgv")]
transform = Transform3D(-4.37114e-08, 0, -1, 0.965926, 0.258819, -4.2222e-08, 0.258819, -0.965926, -1.13133e-08, 0.25, 1, -3.25)
