[gd_scene load_steps=17 format=3 uid="uid://cr8ohxv6ykkvp"]

[ext_resource type="PackedScene" uid="uid://q4rww31m5tk1" path="res://scenes/TheWolf.tscn" id="1_fg8k8"]
[ext_resource type="PackedScene" uid="uid://0556jvisllh6" path="res://scenes/player.tscn" id="1_l6pm5"]
[ext_resource type="PackedScene" uid="uid://dt66tgdil6dw4" path="res://scenes/game_manager.tscn" id="2_0wgqf"]
[ext_resource type="PackedScene" uid="uid://capm4g2dc73ie" path="res://scenes/save_manager.tscn" id="3_mqqjx"]
[ext_resource type="PackedScene" uid="uid://cl085gvjgnxe1" path="res://scenes/gun_pickup.tscn" id="5_h5es2"]
[ext_resource type="PackedScene" uid="uid://cjmh6fsucvhxx" path="res://scenes/ammo.tscn" id="6_0rtyh"]
[ext_resource type="PackedScene" uid="uid://pntf0u8ybn1b" path="res://scenes/movementTarget.tscn" id="7_u0gcf"]
[ext_resource type="PackedScene" uid="uid://dq3qcx2qeu2xe" path="res://Models/pinetree_v1_2.glb" id="8_6drfs"]
[ext_resource type="PackedScene" uid="uid://lasekj16l1nc" path="res://Models/pinetree_v1_3.glb" id="9_r2eyq"]
[ext_resource type="PackedScene" uid="uid://j3gwr4fc45jx" path="res://scenes/corolla.tscn" id="10_4utpt"]

[sub_resource type="NavigationMesh" id="NavigationMesh_prpb7"]
vertices = PackedVector3Array(-49.5051, 0.501776, -49.5, -49.5051, 0.501776, 49.5, 49.4949, 0.251776, 49.5, 49.4949, 0.251776, -49.5)
polygons = [PackedInt32Array(3, 2, 0), PackedInt32Array(0, 2, 1)]

[sub_resource type="BoxShape3D" id="BoxShape3D_8bwhu"]
size = Vector3(100, 4, 100)

[sub_resource type="BoxMesh" id="BoxMesh_4gjl6"]
size = Vector3(100, 4, 100)

[sub_resource type="ProceduralSkyMaterial" id="ProceduralSkyMaterial_tbagt"]
ground_horizon_color = Color(0.64625, 0.65575, 0.67075, 1)

[sub_resource type="Sky" id="Sky_dbhxi"]
sky_material = SubResource("ProceduralSkyMaterial_tbagt")

[sub_resource type="Environment" id="Environment_s8mw1"]
background_mode = 2
background_energy_multiplier = 0.0
sky = SubResource("Sky_dbhxi")
ambient_light_color = Color(0.144063, 0.144063, 0.144063, 1)
ambient_light_sky_contribution = 0.97
ambient_light_energy = 0.33
reflected_light_source = 2
tonemap_exposure = 0.49
fog_enabled = true
fog_light_color = Color(0.053823, 0.0403431, 0.0729757, 1)
fog_light_energy = 11.32
fog_density = 0.0842
fog_aerial_perspective = 0.631
adjustment_brightness = 2.6

[node name="WOLFTESTPLAYGROUND" type="Node3D"]
transform = Transform3D(1, 0, 0, 0, 1, 0, 0, 0, 1, 0, 9, 0)

[node name="WerewolfPS1_animated" parent="." instance=ExtResource("1_fg8k8")]
transform = Transform3D(1, 0, 0, 0, 1, 0, 0, 0, 1, 2.04382, -9.26073, 28.4157)
playerPath = NodePath("../Player")
minEscapeDistance = 40.0
sprintInterval = 0.5
stalkInterval = 0.8
stalkSpeed = 1.5
moveSpeed = 1.5

[node name="Skeleton3D" parent="WerewolfPS1_animated/WolfBones" index="0"]
bones/0/position = Vector3(0.0206711, 0.933613, -0.0247763)
bones/0/rotation = Quaternion(-4.26232e-17, 0.999201, 2.98262e-08, -0.0399677)
bones/2/rotation = Quaternion(0.664425, -0.151698, 0.719497, -0.13361)
bones/3/rotation = Quaternion(0.0422781, 0.0698639, -0.631096, 0.771394)
bones/4/rotation = Quaternion(-0.0154365, -0.125806, 0.66686, 0.734325)
bones/5/rotation = Quaternion(0.0882699, -0.0556466, 0.341286, 0.93415)
bones/6/rotation = Quaternion(0.719888, 0.161365, -0.664025, -0.12163)
bones/7/rotation = Quaternion(0.042284, -0.0698416, 0.631097, 0.771396)
bones/8/rotation = Quaternion(-0.0154488, 0.125755, -0.666862, 0.734331)
bones/9/rotation = Quaternion(0.0882702, 0.0556472, -0.341286, 0.93415)
bones/10/rotation = Quaternion(0.674312, -0.0833061, 0.724431, 0.116462)
bones/11/rotation = Quaternion(-0.111428, -0.00888344, 0.00558988, 0.993717)
bones/12/rotation = Quaternion(-0.275409, 0.620913, -0.29704, 0.671107)
bones/13/rotation = Quaternion(-1.1582e-07, -7.01812e-08, 0.0447142, 0.999)
bones/14/rotation = Quaternion(0.000185637, -0.000110704, -0.917964, 0.396665)
bones/15/rotation = Quaternion(0.470578, 0.0799618, 0.760005, -0.441083)
bones/16/rotation = Quaternion(0.0746208, -0.0189589, -0.106742, 0.991301)
bones/17/rotation = Quaternion(0.133746, -0.000716489, -0.0132037, 0.990927)
bones/18/rotation = Quaternion(0.160795, 0.00960799, -0.140343, 0.976912)
bones/19/rotation = Quaternion(-0.205051, -0.050434, -0.287814, 0.934116)
bones/21/rotation = Quaternion(-0.0317876, 0.0938291, -0.27757, 0.955584)
bones/23/rotation = Quaternion(-0.0327495, 0.105198, -0.364157, 0.924798)
bones/25/rotation = Quaternion(-0.0670936, 0.132406, -0.395947, 0.906197)
bones/26/rotation = Quaternion(0.253041, 0.251205, -0.126693, 0.925643)
bones/27/rotation = Quaternion(-0.23909, -0.145061, 0.166564, 0.945542)
bones/28/rotation = Quaternion(0.721726, 0.404475, 0.551706, -0.10551)
bones/29/rotation = Quaternion(0.182349, -0.0109863, 0.0568408, 0.981528)
bones/30/rotation = Quaternion(0.133746, 0.000716629, 0.0132036, 0.990927)
bones/31/rotation = Quaternion(-0.0132095, -0.0190177, 0.0943258, 0.995272)
bones/32/rotation = Quaternion(-0.000837229, 0.0168285, 0.311346, 0.950147)
bones/33/rotation = Quaternion(-0.0948269, -0.0550682, 0.00507843, 0.993957)
bones/34/rotation = Quaternion(0.022483, -0.0618392, 0.308467, 0.948957)
bones/35/rotation = Quaternion(-0.169047, -0.029984, 0.063376, 0.983111)
bones/36/rotation = Quaternion(-0.0209885, -0.122596, 0.337229, 0.93317)
bones/37/rotation = Quaternion(-0.195915, -0.0224327, 0.0974479, 0.975509)
bones/38/rotation = Quaternion(-0.046769, -0.15949, 0.344118, 0.924099)
bones/39/rotation = Quaternion(0.162336, -0.227341, 0.289834, 0.915401)

[node name="Physical Bone Bone_004" parent="WerewolfPS1_animated/WolfBones/Skeleton3D" index="1"]
transform = Transform3D(0.997663, -0.0799311, -2.30146e-05, -1.90496e-06, 7.44413e-06, 0.993082, -0.079925, -0.997884, 1.53042e-05, 0.0209703, 0.85767, -0.0248337)
joint_offset = Transform3D(1, 0, 0, 0, 1, 0, 0, 0, 1, -0.000300601, -3.13278e-05, 0.0799445)
body_offset = Transform3D(-1.00086, -2.68221e-05, 2.41611e-05, -1.90735e-06, 7.38446e-06, 0.993082, -1.52141e-05, 1.00108, -1.33579e-05, -0.000302792, -0.0793915, 3.24249e-05)

[node name="Physical Bone Femur_L" parent="WerewolfPS1_animated/WolfBones/Skeleton3D" index="2"]
transform = Transform3D(0.00798408, -0.998251, -0.0409047, -0.393753, -0.0407144, 0.917953, -0.918884, 0.0087493, -0.393626, -0.188868, 0.394334, 0.18936)
joint_offset = Transform3D(1, 0, 0, 0, 1, 0, 0, 0, 1, 0.0355895, -0.328385, 0.453631)
body_offset = Transform3D(0.999726, 1.91545e-05, -6.1959e-05, 1.46329e-05, -2.45008e-06, -0.999626, 2.51457e-06, 0.999119, 1.28986e-05, -0.0355453, 0.45346, 0.328089)

[node name="Physical Bone Shin_L" parent="WerewolfPS1_animated/WolfBones/Skeleton3D" index="3"]
transform = Transform3D(0.124637, -0.994038, -0.0369039, 0.824539, 0.0763461, 0.587282, -0.57569, -0.104087, 0.831662, 0.078576, -0.110058, 0.0997066)
joint_offset = Transform3D(1, 0, 0, 0, 1, 0, 0, 0, 1, 0.0873923, -0.0724815, 0.262465)
body_offset = Transform3D(1.0133, -0.00121494, 0.00660238, 0.00572464, 0.00300857, -1.01876, 0.000192091, 1.00238, -0.00196729, -0.0903759, 0.267107, 0.0731535)

[node name="Physical Bone Ankle_L" parent="WerewolfPS1_animated/WolfBones/Skeleton3D" index="4"]
transform = Transform3D(-0.132686, -1.09104, -0.0823457, -0.555868, -0.0107736, 0.984243, -0.970436, 0.149462, -0.548579, 0.0924399, -0.425332, 0.00343895)
joint_offset = Transform3D(1, 0, 0, 0, 1, 0, 0, 0, 1, -0.00562562, -0.0904219, 0.246471)
body_offset = Transform3D(1.126, 0.00019154, 0.0176607, 0.0209769, 0.000103064, -1.12966, 0.00498784, 1.10128, -0.00239737, 0.0019989, 0.278557, 0.100199)

[node name="Physical Bone Femur_R" parent="WerewolfPS1_animated/WolfBones/Skeleton3D" index="5"]
transform = Transform3D(0.00738597, 0.999451, 0.0394869, 0.394108, -0.0392121, 0.918453, 0.919556, 0.00878815, -0.39391, -0.20325, 0.279803, 0.0764828)
joint_offset = Transform3D(1, 0, 0, 0, 1, 0, 0, 0, 1, 0.116663, 0.102121, 0.531682)
body_offset = Transform3D(1.00048, 1.73319e-06, -2.70903e-05, -6.58929e-05, 2.39955e-05, -1.00014, 7.59214e-06, 1.00026, 1.29913e-05, -0.116705, 0.531762, -0.102155)

[node name="Physical Bone Shin_R" parent="WerewolfPS1_animated/WolfBones/Skeleton3D" index="6"]
transform = Transform3D(0.126978, 0.994095, 0.0356978, -0.839651, 0.0781275, 0.592951, 0.585315, -0.104286, 0.840042, -0.5391, -0.0465812, 0.070385)
joint_offset = Transform3D(1, 0, 0, 0, 1, 0, 0, 0, 1, 0.0405449, 0.417476, 0.267422)
body_offset = Transform3D(1.03136, 0.000917558, -0.00649539, -0.00490427, 0.00306784, -1.02883, -0.00133904, 1.00259, -0.00262277, -0.0404625, 0.27405, -0.417804)

[node name="Physical Bone Ankle_R" parent="WerewolfPS1_animated/WolfBones/Skeleton3D" index="7"]
transform = Transform3D(-0.122144, 0.996541, 0.0745433, 0.509241, -0.0111626, 0.907172, 0.895073, 0.136272, -0.504006, -0.193628, -0.408674, -0.0288658)
joint_offset = Transform3D(1, 0, 0, 0, 1, 0, 0, 0, 1, 0.00899261, 0.0476905, 0.249022)
body_offset = Transform3D(1.03688, -0.00171404, -0.0149337, -0.0165516, 0.00253744, -1.04034, -0.00359234, 1.00587, -0.00189739, -0.00552368, 0.259096, -0.0474658)

[node name="Physical Bone Bone_001" parent="WerewolfPS1_animated/WolfBones/Skeleton3D" index="8"]
transform = Transform3D(0.000485466, -1.06495, -0.00394624, -0.806887, 0.00206393, -0.678462, 0.677284, 0.00329157, -0.805398, -0.273794, 1.50684, 0.17646)
joint_offset = Transform3D(1, 0, 0, 0, 1, 0, 0, 0, 1, 0.0108059, -0.277457, 0.257814)
body_offset = Transform3D(1.05235, -0.000732209, -0.0463829, -0.0482548, 0.00147549, -1.05206, 0.000834527, 1.06495, 0.00156769, 0.000383377, 0.272167, 0.295066)

[node name="Physical Bone Bone_002" parent="WerewolfPS1_animated/WolfBones/Skeleton3D" index="9"]
transform = Transform3D(-1.08146, 0.0477038, -0.00766007, 0.048081, 1.06398, -0.0144904, 0.00685812, -0.0127118, -1.06718, -0.29301, 1.68021, 0.399239)
joint_offset = Transform3D(1, 0, 0, 0, 1, 0, 0, 0, 1, -0.292465, -0.0215737, 0.0704785)
body_offset = Transform3D(-0.0289166, -0.724578, -0.780345, 0.0379663, 0.779257, -0.728135, 1.08149, -0.0472102, 0.0049451, 0.0309086, 0.0792332, 0.314932)

[node name="Physical Bone Arm_L" parent="WerewolfPS1_animated/WolfBones/Skeleton3D" index="10"]
transform = Transform3D(-0.796707, -0.565446, -0.308306, -0.269936, -0.14081, 0.996121, -0.5783, 0.835679, -0.0481564, 0.125205, 1.21879, 0.242807)
joint_offset = Transform3D(1, 0, 0, 0, 1, 0, 0, 0, 1, -0.163744, -0.116258, 0.247802)
body_offset = Transform3D(1.02056, 0.0243111, -0.00729809, -0.0118002, 0.020048, -1.04372, -0.0189954, 1.01829, 0.0146575, 0.171745, 0.259036, 0.111643)

[node name="Physical Bone Forearm_L" parent="WerewolfPS1_animated/WolfBones/Skeleton3D" index="11"]
transform = Transform3D(-0.854376, -0.5498, -0.0352357, -0.0560348, 0.020736, 1.02164, -0.550127, 0.85531, -0.0477836, 0.26387, 0.631535, 0.277412)
joint_offset = Transform3D(1, 0, 0, 0, 1, 0, 0, 0, 1, -0.153578, -0.0943823, 0.254686)
body_offset = Transform3D(1.01757, 0.00670046, -0.0152662, -0.0145116, 0.0201568, -1.02305, -0.00834146, 1.01677, 0.0200748, 0.160797, 0.260231, 0.089571)

[node name="Physical Bone Arm_R" parent="WerewolfPS1_animated/WolfBones/Skeleton3D" index="12"]
transform = Transform3D(-0.91601, 0.387939, 0.321748, 0.279373, -0.137877, 1.01256, 0.422491, 0.963414, 0.010998, -0.599931, 1.23409, 0.238705)
joint_offset = Transform3D(1, 0, 0, 0, 1, 0, 0, 0, 1, -0.259239, 0.100245, 0.374123)
body_offset = Transform3D(1.04662, -0.0014869, -0.00837068, -0.00142095, 0.00793606, -1.06247, 0.0140563, 1.04767, 0.004032, 0.274607, 0.39633, -0.102888)

[node name="Physical Bone Forearm_R" parent="WerewolfPS1_animated/WolfBones/Skeleton3D" index="13"]
transform = Transform3D(-0.928436, 0.471751, 0.0425045, 0.143423, 0.188458, 1.02726, 0.451431, 0.899955, -0.232824, -0.706092, 0.618715, 0.265854)
joint_offset = Transform3D(1, 0, 0, 0, 1, 0, 0, 0, 1, -0.245062, 0.147798, 0.278792)
body_offset = Transform3D(1.04194, -0.00733647, 0.029661, 0.0268317, 0.0567785, -1.05192, 0.00138405, 1.03185, 0.0620826, 0.248154, 0.291451, -0.169474)

[node name="Player" parent="." instance=ExtResource("1_l6pm5")]
transform = Transform3D(0.0102276, 0, 0.999948, 0, 1, 0, -0.999948, 0, 0.0102276, 0.968132, -9.78453, 0)

[node name="Head" parent="Player" index="2"]
transform = Transform3D(1, 0, -9.31323e-10, 0, 1, 0, 9.31323e-10, 0, 1, 0, 1.5, 0)

[node name="Camera" parent="Player/Head/shakeable_camera" index="1"]
current = true

[node name="ShootRay" parent="Player/Head/Arm/shotgun" index="1"]
collision_mask = 7

[node name="InteractRay" parent="Player/Head" index="4"]
transform = Transform3D(0.878092, -0.478493, -9.31323e-10, 0.478493, 0.878092, 0, 0, -4.65661e-10, 1, 0, 0, 0)

[node name="WolfNavMesh" type="NavigationRegion3D" parent="."]
transform = Transform3D(1, 0, 0, 0, 1, 0, 0, 0, 1, 0.00533056, -9.72517, 0.00808334)
navigation_mesh = SubResource("NavigationMesh_prpb7")

[node name="theGround" type="StaticBody3D" parent="WolfNavMesh"]
transform = Transform3D(1, 0, 0, 0, 1, 0, 0, 0, 1, 0, -0.589073, 0)
collision_layer = 5
collision_mask = 7

[node name="CollisionShape3D" type="CollisionShape3D" parent="WolfNavMesh/theGround"]
transform = Transform3D(1, 0, 0, 0, 1, 0, 0, 0, 1, 0, -1.52913, 0)
shape = SubResource("BoxShape3D_8bwhu")

[node name="MeshInstance3D" type="MeshInstance3D" parent="WolfNavMesh/theGround"]
transform = Transform3D(0.999997, 0.00260054, 0, -0.00260054, 0.999997, 0, 0, 0, 1, 0, -1.52913, 0)
mesh = SubResource("BoxMesh_4gjl6")
skeleton = NodePath("../..")

[node name="GameManager" parent="." instance=ExtResource("2_0wgqf")]

[node name="SaveManager" parent="." instance=ExtResource("3_mqqjx")]

[node name="TheSun" type="DirectionalLight3D" parent="."]
transform = Transform3D(-0.866025, -0.179184, 0.46679, 0.358559, 0.4281, 0.829558, -0.348476, 0.88579, -0.306497, 0, 2.46259, -3.2977)
light_color = Color(0.140448, 0.140447, 0.140447, 1)
light_energy = 1.761
shadow_enabled = true
sky_mode = 1

[node name="WorldEnvironment" type="WorldEnvironment" parent="."]
environment = SubResource("Environment_s8mw1")

[node name="GunPickup" parent="." instance=ExtResource("5_h5es2")]
transform = Transform3D(-0.00703515, -0.999432, -0.0329801, 0.999325, -0.00583792, -0.0362726, 0.036059, -0.0332126, 0.998797, -1.96041, -9.48542, -0.549169)

[node name="Ammunitions" type="Node3D" parent="."]

[node name="Ammo" parent="Ammunitions" instance=ExtResource("6_0rtyh")]
transform = Transform3D(1, 0, 0, 0, 1, 0, 0, 0, 1, -1.89284, -9.35825, 0.228143)

[node name="Ammo2" parent="Ammunitions" instance=ExtResource("6_0rtyh")]
transform = Transform3D(1, 0, 0, 0, 1, 0, 0, 0, 1, -1.84014, -9.35825, 0.228143)

[node name="Ammo3" parent="Ammunitions" instance=ExtResource("6_0rtyh")]
transform = Transform3D(1, 0, 0, 0, 1, 0, 0, 0, 1, -1.79702, -9.35825, 0.228143)

[node name="Ammo4" parent="Ammunitions" instance=ExtResource("6_0rtyh")]
transform = Transform3D(1, 0, 0, 0, 1, 0, 0, 0, 1, -1.74778, -9.35825, 0.228143)

[node name="Ammo5" parent="Ammunitions" instance=ExtResource("6_0rtyh")]
transform = Transform3D(1, 0, 0, 0, 1, 0, 0, 0, 1, -1.78149, -9.3089, 0.228143)

[node name="Ammo6" parent="Ammunitions" instance=ExtResource("6_0rtyh")]
transform = Transform3D(1, 0, 0, 0, 1, 0, 0, 0, 1, -1.82338, -9.30295, 0.228143)

[node name="Ammo7" parent="Ammunitions" instance=ExtResource("6_0rtyh")]
transform = Transform3D(1, 0, 0, 0, 1, 0, 0, 0, 1, -1.87369, -9.29833, 0.228143)

[node name="Ammo8" parent="Ammunitions" instance=ExtResource("6_0rtyh")]
transform = Transform3D(1, 0, 0, 0, 1, 0, 0, 0, 1, -1.84287, -9.24041, 0.228143)

[node name="Ammo9" parent="Ammunitions" instance=ExtResource("6_0rtyh")]
transform = Transform3D(1, 0, 0, 0, 1, 0, 0, 0, 1, -1.8018, -9.23942, 0.228143)

[node name="Ammo10" parent="Ammunitions" instance=ExtResource("6_0rtyh")]
transform = Transform3D(1, 0, 0, 0, 1, 0, 0, 0, 1, -1.8182, -9.19275, 0.228143)

[node name="MovementTargets" type="Node3D" parent="."]

[node name="WolfMovementTarget10" parent="MovementTargets" instance=ExtResource("7_u0gcf")]
transform = Transform3D(1, 0, 0, 0, 1, 0, 0, 0, 1, -5.01987, 0, 7.35441)

[node name="WolfMovementTarget11" parent="MovementTargets" instance=ExtResource("7_u0gcf")]
transform = Transform3D(1, 0, 0, 0, 1, 0, 0, 0, 1, -19.7187, 0, 7.35441)

[node name="WolfMovementTarget12" parent="MovementTargets" instance=ExtResource("7_u0gcf")]
transform = Transform3D(1, 0, 0, 0, 1, 0, 0, 0, 1, 1.32238, 0, 7.35441)

[node name="WolfMovementTarget13" parent="MovementTargets" instance=ExtResource("7_u0gcf")]
transform = Transform3D(1, 0, 0, 0, 1, 0, 0, 0, 1, 22.9756, 0, 7.32907)

[node name="WolfMovementTarget14" parent="MovementTargets" instance=ExtResource("7_u0gcf")]
transform = Transform3D(1, 0, 0, 0, 1, 0, 0, 0, 1, 32.3643, -7, -10.4884)

[node name="WolfMovementTarget15" parent="MovementTargets" instance=ExtResource("7_u0gcf")]
transform = Transform3D(1, 0, 0, 0, 1, 0, 0, 0, 1, 27.0467, 0, -39.7964)

[node name="WolfMovementTarget16" parent="MovementTargets" instance=ExtResource("7_u0gcf")]
transform = Transform3D(1, 0, 0, 0, 1, 0, 0, 0, 1, -12.5434, 0, -39.7964)

[node name="WolfMovementTarget2" parent="MovementTargets" instance=ExtResource("7_u0gcf")]
transform = Transform3D(1, 0, 0, 0, 1, 0, 0, 0, 1, -13.9647, 0, -11.2973)

[node name="WolfMovementTarget3" parent="MovementTargets" instance=ExtResource("7_u0gcf")]
transform = Transform3D(1, 0, 0, 0, 1, 0, 0, 0, 1, -23.3736, 0, 27.0902)

[node name="WolfMovementTarget4" parent="MovementTargets" instance=ExtResource("7_u0gcf")]
transform = Transform3D(1, 0, 0, 0, 1, 0, 0, 0, 1, -30.7419, 0, 31.2597)

[node name="WolfMovementTarget5" parent="MovementTargets" instance=ExtResource("7_u0gcf")]
transform = Transform3D(1, 0, 0, 0, 1, 0, 0, 0, 1, 31.5833, -6.42128, 29.2991)

[node name="WolfMovementTarget6" parent="MovementTargets" instance=ExtResource("7_u0gcf")]
transform = Transform3D(1, 0, 0, 0, 1, 0, 0, 0, 1, 0.175461, 0, 32.0607)

[node name="WolfMovementTarget7" parent="MovementTargets" instance=ExtResource("7_u0gcf")]
transform = Transform3D(1, 0, 0, 0, 1, 0, 0, 0, 1, 30.6122, 0, 4.18699)

[node name="WolfMovementTarget8" parent="MovementTargets" instance=ExtResource("7_u0gcf")]
transform = Transform3D(1, 0, 0, 0, 1, 0, 0, 0, 1, 32.6948, 0, -27.8517)

[node name="WolfMovementTarget9" parent="MovementTargets" instance=ExtResource("7_u0gcf")]
transform = Transform3D(1, 0, 0, 0, 1, 0, 0, 0, 1, 23.4035, 0, 1.3035)

[node name="Camera3D" type="Camera3D" parent="."]
transform = Transform3D(-1, 0, -8.74228e-08, 0, 1, 0, 8.74228e-08, 0, -1, 0.811288, -7.34768, -4.37281)
fov = 98.3

[node name="Trees" type="Node3D" parent="."]

[node name="pinetree_v1_2" parent="Trees" instance=ExtResource("8_6drfs")]
transform = Transform3D(0.994742, -0.102411, 0, 0.102411, 0.994742, 0, 0, 0, 1, -6, -10.0305, 4)

[node name="pinetree_v1_3" parent="Trees" instance=ExtResource("8_6drfs")]
transform = Transform3D(0.911981, -0.0450022, 0.407757, 0.0492856, 0.998785, 0, -0.407261, 0.0200965, 0.913091, 6.07257, -10.0305, 6.9335)

[node name="pinetree_v1_4" parent="Trees" instance=ExtResource("8_6drfs")]
transform = Transform3D(0.911981, -0.0450022, 0.407757, 0.0492856, 0.998785, 0, -0.407261, 0.0200965, 0.913091, 18.0242, -10.0305, -7.73376)

[node name="pinetree_v1_5" parent="Trees" instance=ExtResource("8_6drfs")]
transform = Transform3D(0.911981, -0.0450022, 0.407757, 0.0492856, 0.998785, 0, -0.407261, 0.0200965, 0.913091, -8.21239, -10.0305, -18.3996)

[node name="pinetree_v1_6" parent="Trees" instance=ExtResource("8_6drfs")]
transform = Transform3D(0.911981, -0.0450022, 0.407757, 0.0492856, 0.998785, 0, -0.407261, 0.0200965, 0.913091, -25.2124, -10.0305, -15.3996)

[node name="pinetree_v1_7" parent="Trees" instance=ExtResource("8_6drfs")]
transform = Transform3D(0.911981, -0.0450022, 0.407757, 0.0492856, 0.998785, 0, -0.407261, 0.0200965, 0.913091, -22.0129, -10.0305, 7.23977)

[node name="pinetree_v1_8" parent="Trees" instance=ExtResource("8_6drfs")]
transform = Transform3D(0.911981, -0.0450022, 0.407757, 0.0492856, 0.998785, 0, -0.407261, 0.0200965, 0.913091, -35.6013, -10.0305, 19.2396)

[node name="pinetree_v1_9" parent="Trees" instance=ExtResource("8_6drfs")]
transform = Transform3D(0.911981, -0.0450022, 0.407757, 0.0492856, 0.998785, 0, -0.407261, 0.0200965, 0.913091, -16.0752, -10.0305, 37.4998)

[node name="pinetree_v1_10" parent="Trees" instance=ExtResource("8_6drfs")]
transform = Transform3D(0.911981, -0.0450022, 0.407757, 0.0492856, 0.998785, 0, -0.407261, 0.0200965, 0.913091, 6.30677, -10.0305, 38.5134)

[node name="pinetree_v1_11" parent="Trees" instance=ExtResource("8_6drfs")]
transform = Transform3D(0.911981, -0.0450022, 0.407757, 0.0492856, 0.998785, 0, -0.407261, 0.0200965, 0.913091, -5.984, -10.0305, 25.083)

[node name="pinetree_v1_12" parent="Trees" instance=ExtResource("8_6drfs")]
transform = Transform3D(0.911981, -0.0450022, 0.407757, 0.0492856, 0.998785, 0, -0.407261, 0.0200965, 0.913091, 13.7998, -10.0305, 22.0019)

[node name="pinetree_v1_13" parent="Trees" instance=ExtResource("8_6drfs")]
transform = Transform3D(0.911981, -0.0450022, 0.407757, 0.0492856, 0.998785, 0, -0.407261, 0.0200965, 0.913091, 22.3292, -10.0305, 36.6905)

[node name="pinetree_v1_14" parent="Trees" instance=ExtResource("8_6drfs")]
transform = Transform3D(0.911981, -0.0450022, 0.407757, 0.0492856, 0.998785, 0, -0.407261, 0.0200965, 0.913091, 39.9186, -10.0305, 25.7771)

[node name="pinetree_v1_15" parent="Trees" instance=ExtResource("8_6drfs")]
transform = Transform3D(0.911981, -0.0450022, 0.407757, 0.0492856, 0.998785, 0, -0.407261, 0.0200965, 0.913091, 31.4432, -10.0305, 12.0991)

[node name="pinetree_v1_16" parent="Trees" instance=ExtResource("8_6drfs")]
transform = Transform3D(0.911981, -0.0450022, 0.407757, 0.0492856, 0.998785, 0, -0.407261, 0.0200965, 0.913091, 43.4355, -10.0305, -7.92674)

[node name="pinetree_v1_17" parent="Trees" instance=ExtResource("8_6drfs")]
transform = Transform3D(0.911981, -0.0450022, 0.407757, 0.0492856, 0.998785, 0, -0.407261, 0.0200965, 0.913091, 36.9048, -10.0305, -29.7508)

[node name="pinetree_v1_18" parent="Trees" instance=ExtResource("8_6drfs")]
transform = Transform3D(1.60509, -0.0792039, 0.717652, 0.0867426, 1.75786, -2.58513e-09, -0.71678, 0.0353699, 1.60704, 22.2661, -10.0305, -38.0749)

[node name="pinetree_v1_19" parent="Trees" instance=ExtResource("8_6drfs")]
transform = Transform3D(1.60509, -0.0792039, 0.717652, 0.0867426, 1.75786, -2.58513e-09, -0.71678, 0.0353699, 1.60704, 31.6956, -10.0305, -20.718)

[node name="pinetree_v1_20" parent="Trees" instance=ExtResource("8_6drfs")]
transform = Transform3D(1.60509, -0.0792039, 0.717652, 0.0867426, 1.75786, -2.58513e-09, -0.71678, 0.0353699, 1.60704, -13.3166, -10.0305, -42.2307)

[node name="pinetree_v1_21" parent="Trees" instance=ExtResource("9_r2eyq")]
transform = Transform3D(1, 0, 0, 0, 1, 0, 0, 0, 1, 9.82889, -10.0721, 8.3834)

[node name="pinetree_v1_22" parent="Trees" instance=ExtResource("9_r2eyq")]
transform = Transform3D(1, 0, 0, 0, 1, 0, 0, 0, 1, -19.1997, -10.0721, -8.84914)

[node name="pinetree_v1_23" parent="Trees" instance=ExtResource("9_r2eyq")]
transform = Transform3D(1, 0, 0, 0, 1, 0, 0, 0, 1, -21.7514, -10.0721, -39.3678)

[node name="pinetree_v1_24" parent="Trees" instance=ExtResource("9_r2eyq")]
transform = Transform3D(1, 0, 0, 0, 1, 0, 0, 0, 1, 7.64251, -10.0721, -42.0529)

[node name="pinetree_v1_25" parent="Trees" instance=ExtResource("9_r2eyq")]
transform = Transform3D(1, 0, 0, 0, 1, 0, 0, 0, 1, 27.27, -10.0721, -8.16159)

[node name="pinetree_v1_26" parent="Trees" instance=ExtResource("9_r2eyq")]
transform = Transform3D(1.935, 0, 0, 0, 1.935, 0, 0, 0, 1.935, 22.774, -10.0721, 21.1625)

[node name="pinetree_v1_27" parent="Trees" instance=ExtResource("9_r2eyq")]
transform = Transform3D(1.935, 0, 0, 0, 1.935, 0, 0, 0, 1.935, -7.45159, -10.0721, 25.6622)

[node name="pinetree_v1_28" parent="Trees" instance=ExtResource("9_r2eyq")]
transform = Transform3D(1.935, 0, 0, 0, 1.935, 0, 0, 0, 1.935, -38.7597, -10.0721, -18.2921)

[node name="pinetree_v1_29" parent="Trees" instance=ExtResource("9_r2eyq")]
transform = Transform3D(1.935, 0, 0, 0, 1.935, 0, 0, 0, 1.935, -32.967, -10.0721, 33.3831)

[node name="CorollaPS1" parent="." instance=ExtResource("10_4utpt")]
transform = Transform3D(-0.437008, 0, -1.43493, 0, 1.5, 0, 1.43493, 0, -0.437008, -3.60914, -9.00986, -5.04894)

[connection signal="attackFinished" from="WerewolfPS1_animated" to="Player" method="attackOver"]
[connection signal="animation_finished" from="WerewolfPS1_animated/AnimationTree" to="WerewolfPS1_animated" method="_on_animation_tree_animation_finished"]
[connection signal="screen_entered" from="WerewolfPS1_animated/WolfVisibilityCheck" to="WerewolfPS1_animated" method="onVisibleOnScreen"]
[connection signal="playerRunning" from="Player" to="WerewolfPS1_animated" method="_on_player_player_running"]
[connection signal="gunReadied" from="Player/Head/Arm" to="WerewolfPS1_animated" method="_on_arm_gun_readied"]
[connection signal="gunShot" from="Player/Head/Arm" to="WerewolfPS1_animated" method="getShot"]

[editable path="WerewolfPS1_animated"]
[editable path="Player"]
[editable path="Player/Head/shakeable_camera"]
